30164795
3626
7147
9638
3522
5597
3245
1674
6736
7560
3614
2505
315
1383
3615
2715
9319
1519
3466
7635
3051
2929
1153
1048
8390
3627
1436
3229
9801
2505
5587
6041
153
4264
1712
859
5232
601
6700
3399
370
8654
3269
3722
180
3796
3397
9280
6316
2007
6275
3256
2928
2208
8033
4176
2645
8909
7154
6437
8241
9153
8825
2274
4732
8970
8515
2154
5844
4030
2481
9550
381
8373
7277
6495
5556
5988
2533
9200
8500
3883
5303
342
8159
6348
4203
4966
6230
3701
9052
7602
1549
5641
6794
2967
7832
5672
4659
4227
6218
9054
9875
5229
6005
8199
5229
4682
7560
6102
2523
7941
4526
8438
6642
4046
8846
4393
7500
891
3308
233
2444
7772
8098
9243
1815
9190
609
7097
3996
5959
1758
8466
1884
1705
2553
2415
9056
6284
4260
800
6142
9208
5797
6372
8762
5721
30
4259
8803
8398
2936
391
9673
6321
9031
737
2387
6592
5960
2489
9524
5135
5444
9973
1404
7188
322
7890
57
1951
7639
4686
4414
3040
4680
5769
6092
1748
5400
8744
8615
